.50000D+00
.10000D+01
.15000D+01
.20000D+01
.25000D+01
.30000D+01
.35000D+01
.40000D+01
.45000D+01
.50000D+01
.55000D+01
.60000D+01
.65000D+01
.70000D+01
.75000D+01
.80000D+01
.85000D+01
.90000D+01
.95000D+01
.10000D+02
.10500D+02
.11000D+02
.11500D+02
.12000D+02
.12500D+02
.13000D+02
.13500D+02
.14000D+02
.14500D+02
.15000D+02
.15500D+02
.16000D+02
.16500D+02
.17000D+02
.17500D+02
.18000D+02
.18500D+02
.19000D+02
.19500D+02
.20000D+02
.20500D+02
.21000D+02
.21500D+02
.22000D+02
.22500D+02
.23000D+02
.23500D+02
.24000D+02
.24500D+02
.25000D+02
.25500D+02
.26000D+02
.26500D+02
.27000D+02
.27500D+02
.28000D+02
.28500D+02
.29000D+02
.29500D+02
.30000D+02
.30500D+02
.31000D+02
.31500D+02
.32000D+02
.32500D+02
.33000D+02
.33500D+02
.34000D+02
.34500D+02
.35000D+02
.35500D+02
.36000D+02
.36500D+02
.37000D+02
.37500D+02
.38000D+02
.38500D+02
.39000D+02
.39500D+02
.40000D+02
.40500D+02
.41000D+02
.41500D+02
.42000D+02
.42500D+02
.43000D+02
.43500D+02
.44000D+02
.44500D+02
.45000D+02
.45500D+02
.46000D+02
.46500D+02
.47000D+02
.47500D+02
.48000D+02
.48500D+02
.49000D+02
.49500D+02
.50000D+02
.50500D+02
.51000D+02
.51500D+02
.52000D+02
.52500D+02
.53000D+02
.53500D+02
.54000D+02
.54500D+02
.55000D+02
.55500D+02
.56000D+02
.56500D+02
.57000D+02
.57500D+02
.58000D+02
.58500D+02
.59000D+02
.59500D+02
.60000D+02
.60500D+02
.61000D+02
.61500D+02
.62000D+02
.62500D+02
.63000D+02
.63500D+02
.64000D+02
.64500D+02
.65000D+02
.65500D+02
.66000D+02
.66500D+02
.67000D+02
.67500D+02
.68000D+02
.68500D+02
.69000D+02
.69500D+02
.70000D+02
.70500D+02
.71000D+02
.71500D+02
.72000D+02
.72500D+02
.73000D+02
.73500D+02
.74000D+02
.74500D+02
.75000D+02
.75500D+02
.76000D+02
.76500D+02
.77000D+02
.77500D+02
.78000D+02
.78500D+02
.79000D+02
.79500D+02
.80000D+02
.80500D+02
.81000D+02
.81500D+02
.82000D+02
.82500D+02
.83000D+02
.83500D+02
.84000D+02
.84500D+02
.85000D+02
.85500D+02
.86000D+02
.86500D+02
.87000D+02
.87500D+02
.88000D+02
.88500D+02
.89000D+02
.89500D+02
.90000D+02
.90500D+02
.91000D+02
.91500D+02
.92000D+02
.92500D+02
.93000D+02
.93500D+02
.94000D+02
.94500D+02
.95000D+02
.95500D+02
.96000D+02
.96500D+02
.97000D+02
.97500D+02
.98000D+02
.98500D+02
.99000D+02
.99500D+02
.10000D+03
.10050D+03
.10100D+03
.10150D+03
.10200D+03
.10250D+03
.10300D+03
.10350D+03
.10400D+03
.10450D+03
.10500D+03
.10550D+03
.10600D+03
.10650D+03
.10700D+03
.10750D+03
.10800D+03
.10850D+03
.10900D+03
.10950D+03
.11000D+03
.11050D+03
.11100D+03
.11150D+03
.11200D+03
.11250D+03
.11300D+03
.11350D+03
.11400D+03
.11450D+03
.11500D+03
.11550D+03
.11600D+03
.11650D+03
.11700D+03
.11750D+03
.11800D+03
.11850D+03
.11900D+03
.11950D+03
.12000D+03
.12050D+03
.12100D+03
.12150D+03
.12200D+03
.12250D+03
.12300D+03
.12350D+03
.12400D+03
.12450D+03
.12500D+03
.12550D+03
.12600D+03
.12650D+03
.12700D+03
.12750D+03
.12800D+03
.12850D+03
.12900D+03
.12950D+03
.13000D+03
.13050D+03
.13100D+03
.13150D+03
.13200D+03
.13250D+03
.13300D+03
.13350D+03
.13400D+03
.13450D+03
.13500D+03
.13550D+03
.13600D+03
.13650D+03
.13700D+03
.13750D+03
.13800D+03
.13850D+03
.13900D+03
.13950D+03
.14000D+03
.14050D+03
.14100D+03
.14150D+03
.14200D+03
.14250D+03
.14300D+03
.14350D+03
.14400D+03
.14450D+03
.14500D+03
.14550D+03
.14600D+03
.14650D+03
.14700D+03
.14750D+03
.14800D+03
.14850D+03
.14900D+03
.14950D+03
.15000D+03
.15050D+03
.15100D+03
.15150D+03
.15200D+03
.15250D+03
.15300D+03
.15350D+03
.15400D+03
.15450D+03
.15500D+03
.15550D+03
.15600D+03
.15650D+03
.15700D+03
.15750D+03
.15800D+03
.15850D+03
.15900D+03
.15950D+03
.16000D+03
.16050D+03
.16100D+03
.16150D+03
.16200D+03
.16250D+03
.16300D+03
.16350D+03
.16400D+03
.16450D+03
.16500D+03
.16550D+03
.16600D+03
.16650D+03
.16700D+03
.16750D+03
.16800D+03
.16850D+03
.16900D+03
.16950D+03
.17000D+03
.17050D+03
.17100D+03
.17150D+03
.17200D+03
.17250D+03
.17300D+03
.17350D+03
.17400D+03
.17450D+03
.17500D+03
.17550D+03
.17600D+03
.17650D+03
.17700D+03
.17750D+03
.17800D+03
.17850D+03
.17900D+03
.17950D+03
.18000D+03
.18050D+03
.18100D+03
.18150D+03
.18200D+03
.18250D+03
.18300D+03
.18350D+03
.18400D+03
.18450D+03
.18500D+03
.18550D+03
.18600D+03
.18650D+03
.18700D+03
.18750D+03
.18800D+03
.18850D+03
.18900D+03
.18950D+03
.19000D+03
.19050D+03
.19100D+03
.19150D+03
.19200D+03
.19250D+03
.19300D+03
.19350D+03
.19400D+03
.19450D+03
.19500D+03
.19550D+03
.19600D+03
.19650D+03
.19700D+03
.19750D+03
.19800D+03
.19850D+03
.19900D+03
.19950D+03
.20000D+03
.20050D+03
.20100D+03
.20150D+03
.20200D+03
.20250D+03
.20300D+03
.20350D+03
.20400D+03
.20450D+03
.20500D+03
.20550D+03
.20600D+03
.20650D+03
.20700D+03
.20750D+03
.20800D+03
.20850D+03
.20900D+03
.20950D+03
.21000D+03
.21050D+03
.21100D+03
.21150D+03
.21200D+03
.21250D+03
.21300D+03
.21350D+03
.21400D+03
.21450D+03
.21500D+03
.21550D+03
.21600D+03
.21650D+03
.21700D+03
.21750D+03
.21800D+03
.21850D+03
.21900D+03
.21950D+03
.22000D+03
.22050D+03
.22100D+03
.22150D+03
.22200D+03
.22250D+03
.22300D+03
.22350D+03
.22400D+03
.22450D+03
.22500D+03
.22550D+03
.22600D+03
.22650D+03
.22700D+03
.22750D+03
.22800D+03
.22850D+03
.22900D+03
.22950D+03
.23000D+03
.23050D+03
.23100D+03
.23150D+03
.23200D+03
.23250D+03
.23300D+03
.23350D+03
.23400D+03
.23450D+03
.23500D+03
.23550D+03
.23600D+03
.23650D+03
.23700D+03
.23750D+03
.23800D+03
.23850D+03
.23900D+03
.23950D+03
.24000D+03
.24050D+03
.24100D+03
.24150D+03
.24200D+03
.24250D+03
.24300D+03
.24350D+03
.24400D+03
.24450D+03
.24500D+03
.24550D+03
.24600D+03
.24650D+03
.24700D+03
.24750D+03
.24800D+03
.24850D+03
.24900D+03
.24950D+03
.25000D+03
.25050D+03
.25100D+03
.25150D+03
.25200D+03
.25250D+03
.25300D+03
.25350D+03
.25400D+03
.25450D+03
.25500D+03
.25550D+03
.25600D+03
.25650D+03
.25700D+03
.25750D+03
.25800D+03
.25850D+03
.25900D+03
.25950D+03
.26000D+03
.26050D+03
.26100D+03
.26150D+03
.26200D+03
.26250D+03
.26300D+03
.26350D+03
.26400D+03
.26450D+03
.26500D+03
.26550D+03
.26600D+03
.26650D+03
.26700D+03
.26750D+03
.26800D+03
.26850D+03
.26900D+03
.26950D+03
.27000D+03
.27050D+03
.27100D+03
.27150D+03
.27200D+03
.27250D+03
.27300D+03
.27350D+03
.27400D+03
.27450D+03
.27500D+03
.27550D+03
.27600D+03
.27650D+03
.27700D+03
.27750D+03
.27800D+03
.27850D+03
.27900D+03
.27950D+03
.28000D+03
.28050D+03
.28100D+03
.28150D+03
.28200D+03
.28250D+03
.28300D+03
.28350D+03
.28400D+03
.28450D+03
.28500D+03
.28550D+03
.28600D+03
.28650D+03
.28700D+03
.28750D+03
.28800D+03
.28850D+03
.28900D+03
.28950D+03
.29000D+03
.29050D+03
.29100D+03
.29150D+03
.29200D+03
.29250D+03
.29300D+03
.29350D+03
.29400D+03
.29450D+03
.29500D+03
.29550D+03
.29600D+03
.29650D+03
.29700D+03
.29750D+03
.29800D+03
.29850D+03
.29900D+03
.29950D+03
.30000D+03
.30050D+03
.30100D+03
.30150D+03
.30200D+03
.30250D+03
.30300D+03
.30350D+03
.30400D+03
.30450D+03
.30500D+03
.30550D+03
.30600D+03
.30650D+03
.30700D+03
.30750D+03
.30800D+03
.30850D+03
.30900D+03
.30950D+03
.31000D+03
.31050D+03
.31100D+03
.31150D+03
.31200D+03
.31250D+03
.31300D+03
.31350D+03
.31400D+03
.31450D+03
.31500D+03
.31550D+03
.31600D+03
.31650D+03
.31700D+03
.31750D+03
.31800D+03
.31850D+03
.31900D+03
.31950D+03
.32000D+03
.32050D+03
.32100D+03
.32150D+03
.32200D+03
.32250D+03
.32300D+03
.32350D+03
.32400D+03
.32450D+03
.32500D+03
.32550D+03
.32600D+03
.32650D+03
.32700D+03
.32750D+03
.32800D+03
.32850D+03
.32900D+03
.32950D+03
.33000D+03
.33050D+03
.33100D+03
.33150D+03
.33200D+03
.33250D+03
.33300D+03
.33350D+03
.33400D+03
.33450D+03
.33500D+03
.33550D+03
.33600D+03
.33650D+03
.33700D+03
.33750D+03
.33800D+03
.33850D+03
.33900D+03
.33950D+03
.34000D+03
.34050D+03
.34100D+03
.34150D+03
.34200D+03
.34250D+03
.34300D+03
.34350D+03
.34400D+03
.34450D+03
.34500D+03
.34550D+03
.34600D+03
.34650D+03
.34700D+03
.34750D+03
.34800D+03
.34850D+03
.34900D+03
.34950D+03
.35000D+03
.35050D+03
.35100D+03
.35150D+03
.35200D+03
.35250D+03
.35300D+03
.35350D+03
.35400D+03
.35450D+03
.35500D+03
.35550D+03
.35600D+03
.35650D+03
.35700D+03
.35750D+03
.35800D+03
.35850D+03
.35900D+03
.35950D+03
.36000D+03
.36050D+03
.36100D+03
.36150D+03
.36200D+03
.36250D+03
.36300D+03
.36350D+03
.36400D+03
.36450D+03
.36500D+03
.36550D+03
.36600D+03
.36650D+03
.36700D+03
.36750D+03
.36800D+03
.36850D+03
.36900D+03
.36950D+03
.37000D+03
.37050D+03
.37100D+03
.37150D+03
.37200D+03
.37250D+03
.37300D+03
.37350D+03
.37400D+03
.37450D+03
.37500D+03
.37550D+03
.37600D+03
.37650D+03
.37700D+03
.37750D+03
.37800D+03
.37850D+03
.37900D+03
.37950D+03
.38000D+03
.38050D+03
.38100D+03
.38150D+03
.38200D+03
.38250D+03
.38300D+03
.38350D+03
.38400D+03
.38450D+03
.38500D+03
.38550D+03
.38600D+03
.38650D+03
.38700D+03
.38750D+03
.38800D+03
.38850D+03
.38900D+03
.38950D+03
.39000D+03
.39050D+03
.39100D+03
.39150D+03
.39200D+03
.39250D+03
.39300D+03
.39350D+03
.39400D+03
.39450D+03
.39500D+03
.39550D+03
.39600D+03
.39650D+03
.39700D+03
.39750D+03
.39800D+03
.39850D+03
.39900D+03
.39950D+03
.40000D+03
.40050D+03
.40100D+03
.40150D+03
.40200D+03
.40250D+03
.40300D+03
.40350D+03
.40400D+03
.40450D+03
.40500D+03
.40550D+03
.40600D+03
.40650D+03
.40700D+03
.40750D+03
.40800D+03
.40850D+03
.40900D+03
.40950D+03
.41000D+03
.41050D+03
.41100D+03
.41150D+03
.41200D+03
.41250D+03
.41300D+03
.41350D+03
.41400D+03
.41450D+03
.41500D+03
.41550D+03
.41600D+03
.41650D+03
.41700D+03
.41750D+03
.41800D+03
.41850D+03
.41900D+03
.41950D+03
.42000D+03
.42050D+03
.42100D+03
.42150D+03
.42200D+03
.42250D+03
.42300D+03
.42350D+03
.42400D+03
.42450D+03
.42500D+03
.42550D+03
.42600D+03
.42650D+03
.42700D+03
.42750D+03
.42800D+03
.42850D+03
.42900D+03
.42950D+03
.43000D+03
.43050D+03
.43100D+03
.43150D+03
.43200D+03
.43250D+03
.43300D+03
.43350D+03
.43400D+03
.43450D+03
.43500D+03
.43550D+03
.43600D+03
.43650D+03
.43700D+03
.43750D+03
.43800D+03
.43850D+03
.43900D+03
.43950D+03
.44000D+03
.44050D+03
.44100D+03
.44150D+03
.44200D+03
.44250D+03
.44300D+03
.44350D+03
.44400D+03
.44450D+03
.44500D+03
.44550D+03
.44600D+03
.44650D+03
.44700D+03
.44750D+03
.44800D+03
.44850D+03
.44900D+03
.44950D+03
.45000D+03
.45050D+03
.45100D+03
.45150D+03
.45200D+03
.45250D+03
.45300D+03
.45350D+03
.45400D+03
.45450D+03
.45500D+03
.45550D+03
.45600D+03
.45650D+03
.45700D+03
.45750D+03
.45800D+03
.45850D+03
.45900D+03
.45950D+03
.46000D+03
.46050D+03
.46100D+03
.46150D+03
.46200D+03
.46250D+03
.46300D+03
.46350D+03
.46400D+03
.46450D+03
.46500D+03
.46550D+03
.46600D+03
.46650D+03
.46700D+03
.46750D+03
.46800D+03
.46850D+03
.46900D+03
.46950D+03
.47000D+03
.47050D+03
.47100D+03
.47150D+03
.47200D+03
.47250D+03
.47300D+03
.47350D+03
.47400D+03
.47450D+03
.47500D+03
.47550D+03
.47600D+03
.47650D+03
.47700D+03
.47750D+03
.47800D+03
.47850D+03
.47900D+03
.47950D+03
.48000D+03
.48050D+03
.48100D+03
.48150D+03
.48200D+03
.48250D+03
.48300D+03
.48350D+03
.48400D+03
.48450D+03
.48500D+03
.48550D+03
.48600D+03
.48650D+03
.48700D+03
.48750D+03
.48800D+03
.48850D+03
.48900D+03
.48950D+03
.49000D+03
.49050D+03
.49100D+03
.49150D+03
.49200D+03
.49250D+03
.49300D+03
.49350D+03
.49400D+03
.49450D+03
.49500D+03
.49550D+03
.49600D+03
.49650D+03
.49700D+03
.49750D+03
.49800D+03
.49850D+03
.49900D+03
.49950D+03
.50000D+03
.50050D+03
.50100D+03
.50150D+03
.50200D+03
.50250D+03
.50300D+03
.50350D+03
.50400D+03
.50450D+03
.50500D+03
.50550D+03
.50600D+03
.50650D+03
.50700D+03
.50750D+03
.50800D+03
.50850D+03
.50900D+03
.50950D+03
.51000D+03
.51050D+03
.51100D+03
.51150D+03
.51200D+03
.51250D+03
.51300D+03
.51350D+03
.51400D+03
.51450D+03
.51500D+03
.51550D+03
.51600D+03
.51650D+03
.51700D+03
.51750D+03
.51800D+03
.51850D+03
.51900D+03
.51950D+03
.52000D+03
.52050D+03
.52100D+03
.52150D+03
.52200D+03
.52250D+03
.52300D+03
.52350D+03
.52400D+03
.52450D+03
.52500D+03
.52550D+03
.52600D+03
.52650D+03
.52700D+03
.52750D+03
.52800D+03
.52850D+03
.52900D+03
.52950D+03
.53000D+03
.53050D+03
.53100D+03
.53150D+03
.53200D+03
.53250D+03
.53300D+03
.53350D+03
.53400D+03
.53450D+03
.53500D+03
.53550D+03
.53600D+03
.53650D+03
.53700D+03
.53750D+03
.53800D+03
.53850D+03
.53900D+03
.53950D+03
.54000D+03
.54050D+03
.54100D+03
.54150D+03
.54200D+03
.54250D+03
.54300D+03
.54350D+03
.54400D+03
.54450D+03
.54500D+03
.54550D+03
.54600D+03
.54650D+03
.54700D+03
.54750D+03
.54800D+03
.54850D+03
.54900D+03
.54950D+03
.55000D+03
.55050D+03
.55100D+03
.55150D+03
.55200D+03
.55250D+03
.55300D+03
.55350D+03
.55400D+03
.55450D+03
.55500D+03
.55550D+03
.55600D+03
.55650D+03
.55700D+03
.55750D+03
.55800D+03
.55850D+03
.55900D+03
.55950D+03
.56000D+03
.56050D+03
.56100D+03
.56150D+03
.56200D+03
.56250D+03
.56300D+03
.56350D+03
.56400D+03
.56450D+03
.56500D+03
.56550D+03
.56600D+03
.56650D+03
.56700D+03
.56750D+03
.56800D+03
.56850D+03
.56900D+03
.56950D+03
.57000D+03
.57050D+03
.57100D+03
.57150D+03
.57200D+03
.57250D+03
.57300D+03
.57350D+03
.57400D+03
.57450D+03
.57500D+03
.57550D+03
.57600D+03
.57650D+03
.57700D+03
.57750D+03
.57800D+03
.57850D+03
.57900D+03
.57950D+03
.58000D+03
.58050D+03
.58100D+03
.58150D+03
.58200D+03
.58250D+03
.58300D+03
.58350D+03
.58400D+03
.58450D+03
.58500D+03
.58550D+03
.58600D+03
.58650D+03
.58700D+03
.58750D+03
.58800D+03
.58850D+03
.58900D+03
.58950D+03
.59000D+03
.59050D+03
.59100D+03
.59150D+03
.59200D+03
.59250D+03
.59300D+03
.59350D+03
.59400D+03
.59450D+03
.59500D+03
.59550D+03
.59600D+03
.59650D+03
.59700D+03
.59750D+03
.59800D+03
.59850D+03
.59900D+03
.59950D+03
.60000D+03
.60050D+03
.60100D+03
.60150D+03
.60200D+03
.60250D+03
.60300D+03
.60350D+03
.60400D+03
.60450D+03
.60500D+03
.60550D+03
.60600D+03
.60650D+03
.60700D+03
.60750D+03
.60800D+03
.60850D+03
.60900D+03
.60950D+03
.61000D+03
.61050D+03
.61100D+03
.61150D+03
.61200D+03
.61250D+03
.61300D+03
.61350D+03
.61400D+03
.61450D+03
.61500D+03
.61550D+03
.61600D+03
.61650D+03
.61700D+03
.61750D+03
.61800D+03
.61850D+03
.61900D+03
.61950D+03
.62000D+03
.62050D+03
.62100D+03
.62150D+03
.62200D+03
.62250D+03
.62300D+03
.62350D+03
.62400D+03
.62450D+03
.62500D+03
.62550D+03
.62600D+03
.62650D+03
.62700D+03
.62750D+03
.62800D+03
.62850D+03
.62900D+03
.62950D+03
.63000D+03
.63050D+03
.63100D+03
.63150D+03
.63200D+03
.63250D+03
.63300D+03
.63350D+03
.63400D+03
.63450D+03
.63500D+03
.63550D+03
.63600D+03
.63650D+03
.63700D+03
.63750D+03
.63800D+03
.63850D+03
.63900D+03
.63950D+03
.64000D+03
.64050D+03
.64100D+03
.64150D+03
.64200D+03
.64250D+03
.64300D+03
.64350D+03
.64400D+03
.64450D+03
.64500D+03
.64550D+03
.64600D+03
.64650D+03
.64700D+03
.64750D+03
.64800D+03
.64850D+03
.64900D+03
.64950D+03
.65000D+03
.65050D+03
.65100D+03
.65150D+03
.65200D+03
.65250D+03
.65300D+03
.65350D+03
.65400D+03
.65450D+03
.65500D+03
.65550D+03
.65600D+03
.65650D+03
.65700D+03
.65750D+03
.65800D+03
.65850D+03
.65900D+03
.65950D+03
.66000D+03
.66050D+03
.66100D+03
.66150D+03
.66200D+03
.66250D+03
.66300D+03
.66350D+03
.66400D+03
.66450D+03
.66500D+03
.66550D+03
.66600D+03
.66650D+03
.66700D+03
.66750D+03
.66800D+03
.66850D+03
.66900D+03
.66950D+03
.67000D+03
.67050D+03
.67100D+03
.67150D+03
.67200D+03
.67250D+03
.67300D+03
.67350D+03
.67400D+03
.67450D+03
.67500D+03
.67550D+03
.67600D+03
.67650D+03
.67700D+03
.67750D+03
.67800D+03
.67850D+03
.67900D+03
.67950D+03
.68000D+03
.68050D+03
.68100D+03
.68150D+03
.68200D+03
.68250D+03
.68300D+03
.68350D+03
.68400D+03
.68450D+03
.68500D+03
.68550D+03
.68600D+03
.68650D+03
.68700D+03
.68750D+03
.68800D+03
.68850D+03
.68900D+03
.68950D+03
.69000D+03
.69050D+03
.69100D+03
.69150D+03
.69200D+03
.69250D+03
.69300D+03
.69350D+03
.69400D+03
.69450D+03
.69500D+03
.69550D+03
.69600D+03
.69650D+03
.69700D+03
.69750D+03
.69800D+03
.69850D+03
.69900D+03
.69950D+03
.70000D+03
.70050D+03
.70100D+03
.70150D+03
.70200D+03
.70250D+03
.70300D+03
.70350D+03
.70400D+03
.70450D+03
.70500D+03
.70550D+03
.70600D+03
.70650D+03
.70700D+03
.70750D+03
.70800D+03
.70850D+03
.70900D+03
.70950D+03
.71000D+03
.71050D+03
.71100D+03
.71150D+03
.71200D+03
.71250D+03
.71300D+03
.71350D+03
.71400D+03
.71450D+03
.71500D+03
.71550D+03
.71600D+03
.71650D+03
.71700D+03
.71750D+03
.71800D+03
.71850D+03
.71900D+03
.71950D+03
.72000D+03
.72050D+03
.72100D+03
.72150D+03
.72200D+03
.72250D+03
.72300D+03
.72350D+03
.72400D+03
.72450D+03
.72500D+03
.72550D+03
.72600D+03
.72650D+03
.72700D+03
.72750D+03
.72800D+03
.72850D+03
.72900D+03
.72950D+03
.73000D+03
.73050D+03
.73100D+03
.73150D+03
.73200D+03
.73250D+03
.73300D+03
.73350D+03
.73400D+03
.73450D+03
.73500D+03
.73550D+03
.73600D+03
.73650D+03
.73700D+03
.73750D+03
.73800D+03
.73850D+03
.73900D+03
.73950D+03
.74000D+03
.74050D+03
.74100D+03
.74150D+03
.74200D+03
.74250D+03
.74300D+03
.74350D+03
.74400D+03
.74450D+03
.74500D+03
.74550D+03
.74600D+03
.74650D+03
.74700D+03
.74750D+03
.74800D+03
.74850D+03
.74900D+03
.74950D+03
.75000D+03
.75050D+03
.75100D+03
.75150D+03
.75200D+03
.75250D+03
.75300D+03
.75350D+03
.75400D+03
.75450D+03
.75500D+03
.75550D+03
.75600D+03
.75650D+03
.75700D+03
.75750D+03
.75800D+03
.75850D+03
.75900D+03
.75950D+03
.76000D+03
.76050D+03
.76100D+03
.76150D+03
.76200D+03
.76250D+03
.76300D+03
.76350D+03
.76400D+03
.76450D+03
.76500D+03
.76550D+03
.76600D+03
.76650D+03
.76700D+03
.76750D+03
.76800D+03
.76850D+03
.76900D+03
.76950D+03
.77000D+03
.77050D+03
.77100D+03
.77150D+03
.77200D+03
.77250D+03
.77300D+03
.77350D+03
.77400D+03
.77450D+03
.77500D+03
.77550D+03
.77600D+03
.77650D+03
.77700D+03
.77750D+03
.77800D+03
.77850D+03
.77900D+03
.77950D+03
.78000D+03
.78050D+03
.78100D+03
.78150D+03
.78200D+03
.78250D+03
.78300D+03
.78350D+03
.78400D+03
.78450D+03
.78500D+03
.78550D+03
.78600D+03
.78650D+03
.78700D+03
.78750D+03
.78800D+03
.78850D+03
.78900D+03
.78950D+03
.79000D+03
.79050D+03
.79100D+03
.79150D+03
.79200D+03
.79250D+03
.79300D+03
.79350D+03
.79400D+03
.79450D+03
.79500D+03
.79550D+03
.79600D+03
.79650D+03
.79700D+03
.79750D+03
.79800D+03
.79850D+03
.79900D+03
.79950D+03
.80000D+03
.80050D+03
.80100D+03
.80150D+03
.80200D+03
.80250D+03
.80300D+03
.80350D+03
.80400D+03
.80450D+03
.80500D+03
.80550D+03
.80600D+03
.80650D+03
.80700D+03
.80750D+03
.80800D+03
.80850D+03
.80900D+03
.80950D+03
.81000D+03
.81050D+03
.81100D+03
.81150D+03
.81200D+03
.81250D+03
.81300D+03
.81350D+03
.81400D+03
.81450D+03
.81500D+03
.81550D+03
.81600D+03
.81650D+03
.81700D+03
.81750D+03
.81800D+03
.81850D+03
.81900D+03
.81950D+03
.82000D+03
.82050D+03
.82100D+03
.82150D+03
.82200D+03
.82250D+03
.82300D+03
.82350D+03
.82400D+03
.82450D+03
.82500D+03
.82550D+03
.82600D+03
.82650D+03
.82700D+03
.82750D+03
.82800D+03
.82850D+03
.82900D+03
.82950D+03
.83000D+03
.83050D+03
.83100D+03
.83150D+03
.83200D+03
.83250D+03
.83300D+03
.83350D+03
.83400D+03
.83450D+03
.83500D+03
.83550D+03
.83600D+03
.83650D+03
.83700D+03
.83750D+03
.83800D+03
.83850D+03
.83900D+03
.83950D+03
.84000D+03
.84050D+03
.84100D+03
.84150D+03
.84200D+03
.84250D+03
.84300D+03
.84350D+03
.84400D+03
.84450D+03
.84500D+03
.84550D+03
.84600D+03
.84650D+03
.84700D+03
.84750D+03
.84800D+03
.84850D+03
.84900D+03
.84950D+03
.85000D+03
.85050D+03
.85100D+03
.85150D+03
.85200D+03
.85250D+03
.85300D+03
.85350D+03
.85400D+03
.85450D+03
.85500D+03
.85550D+03
.85600D+03
.85650D+03
.85700D+03
.85750D+03
.85800D+03
.85850D+03
.85900D+03
.85950D+03
.86000D+03
.86050D+03
.86100D+03
.86150D+03
.86200D+03
.86250D+03
.86300D+03
.86350D+03
.86400D+03
.86450D+03
.86500D+03
.86550D+03
.86600D+03
.86650D+03
.86700D+03
.86750D+03
.86800D+03
.86850D+03
.86900D+03
.86950D+03
.87000D+03
.87050D+03
.87100D+03
.87150D+03
.87200D+03
.87250D+03
.87300D+03
.87350D+03
.87400D+03
.87450D+03
.87500D+03
.87550D+03
.87600D+03
.87650D+03
.87700D+03
.87750D+03
.87800D+03
.87850D+03
.87900D+03
.87950D+03
.88000D+03
.88050D+03
.88100D+03
.88150D+03
.88200D+03
.88250D+03
.88300D+03
.88350D+03
.88400D+03
.88450D+03
.88500D+03
.88550D+03
.88600D+03
.88650D+03
.88700D+03
.88750D+03
.88800D+03
.88850D+03
.88900D+03
.88950D+03
.89000D+03
.89050D+03
.89100D+03
.89150D+03
.89200D+03
.89250D+03
.89300D+03
.89350D+03
.89400D+03
.89450D+03
.89500D+03
.89550D+03
.89600D+03
.89650D+03
.89700D+03
.89750D+03
.89800D+03
.89850D+03
.89900D+03
.89950D+03
.90000D+03
.90050D+03
.90100D+03
.90150D+03
.90200D+03
.90250D+03
.90300D+03
.90350D+03
.90400D+03
.90450D+03
.90500D+03
.90550D+03
.90600D+03
.90650D+03
.90700D+03
.90750D+03
.90800D+03
.90850D+03
.90900D+03
.90950D+03
.91000D+03
.91050D+03
.91100D+03
.91150D+03
.91200D+03
.91250D+03
.91300D+03
.91350D+03
.91400D+03
.91450D+03
.91500D+03
.91550D+03
.91600D+03
.91650D+03
.91700D+03
.91750D+03
.91800D+03
.91850D+03
.91900D+03
.91950D+03
.92000D+03
.92050D+03
.92100D+03
.92150D+03
.92200D+03
.92250D+03
.92300D+03
.92350D+03
.92400D+03
.92450D+03
.92500D+03
.92550D+03
.92600D+03
.92650D+03
.92700D+03
.92750D+03
.92800D+03
.92850D+03
.92900D+03
.92950D+03
.93000D+03
.93050D+03
.93100D+03
.93150D+03
.93200D+03
.93250D+03
.93300D+03
.93350D+03
.93400D+03
.93450D+03
.93500D+03
.93550D+03
.93600D+03
.93650D+03
.93700D+03
.93750D+03
.93800D+03
.93850D+03
.93900D+03
.93950D+03
.94000D+03
.94050D+03
.94100D+03
.94150D+03
.94200D+03
.94250D+03
.94300D+03
.94350D+03
.94400D+03
.94450D+03
.94500D+03
.94550D+03
.94600D+03
.94650D+03
.94700D+03
.94750D+03
.94800D+03
.94850D+03
.94900D+03
.94950D+03
.95000D+03
.95050D+03
.95100D+03
.95150D+03
.95200D+03
.95250D+03
.95300D+03
.95350D+03
.95400D+03
.95450D+03
.95500D+03
.95550D+03
.95600D+03
.95650D+03
.95700D+03
.95750D+03
.95800D+03
.95850D+03
.95900D+03
.95950D+03
.96000D+03
.96050D+03
.96100D+03
.96150D+03
.96200D+03
.96250D+03
.96300D+03
.96350D+03
.96400D+03
.96450D+03
.96500D+03
.96550D+03
.96600D+03
.96650D+03
.96700D+03
.96750D+03
.96800D+03
.96850D+03
.96900D+03
.96950D+03
.97000D+03
.97050D+03
.97100D+03
.97150D+03
.97200D+03
.97250D+03
.97300D+03
.97350D+03
.97400D+03
.97450D+03
.97500D+03
.97550D+03
.97600D+03
.97650D+03
.97700D+03
.97750D+03
.97800D+03
.97850D+03
.97900D+03
.97950D+03
.98000D+03
.98050D+03
.98100D+03
.98150D+03
.98200D+03
.98250D+03
.98300D+03
.98350D+03
.98400D+03
.98450D+03
.98500D+03
.98550D+03
.98600D+03
.98650D+03
.98700D+03
.98750D+03
.98800D+03
.98850D+03
.98900D+03
.98950D+03
.99000D+03
.99050D+03
.99100D+03
.99150D+03
.99200D+03
.99250D+03
.99300D+03
.99350D+03
.99400D+03
.99450D+03
.99500D+03
.99550D+03
.99600D+03
.99650D+03
.99700D+03
.99750D+03
.99800D+03
.99850D+03
.99900D+03
.99950D+03
.10000D+04
