1.235600d-30 ! pipeLength
4.500000d-01 ! pipeRadius
1 ! xygridradius
2 ! zgrid
1.520000d00 ! flowSpeed
1.000000d00 ! linearFlowSpeed
1.000000d01 ! integrationStepwidth
1.232000d03 ! integrationIntervall
2 ! number of reactions
3 ! number of substances
1 ! integrationmethod
.TRUE. ! inflow

1
0
0
1
0
0

0
2
3
0
2
3

2.300000d01
1.000000d00
1.232000d03
4.200000d01
2.100000d01

0.000000d00
0.000000d00
0.000000d00
0.000000d00
0.000000d00
0.000000d00
0.000000d00
0.000000d00
0.000000d00
0.000000d00
0.000000d00
0.000000d00
0.000000d00
0.000000d00
0.000000d00
0.000000d00
0.000000d00
0.000000d00
0.000000d00
0.000000d00
0.000000d00
0.000000d00
0.000000d00
0.000000d00
0.000000d00
0.000000d00
0.000000d00
0.000000d00
0.000000d00
0.000000d00
0.000000d00
0.000000d00
0.000000d00
0.000000d00
0.000000d00
0.000000d00
0.000000d00
0.000000d00
0.000000d00
0.000000d00
0.000000d00
0.000000d00
0.000000d00
0.000000d00
0.000000d00
0.000000d00
0.000000d00
0.000000d00
0.000000d00
0.000000d00
0.000000d00
0.000000d00
0.000000d00
0.000000d00
0.000000d00
0.000000d00
0.000000d00
0.000000d00
0.000000d00
0.000000d00
0.000000d00
0.000000d00
0.000000d00
0.000000d00
0.000000d00
0.000000d00
0.000000d00
0.000000d00
0.000000d00
0.000000d00
0.000000d00
0.000000d00
0.000000d00
0.000000d00
0.000000d00
0.000000d00
0.000000d00
0.000000d00
0.000000d00
0.000000d00
0.000000d00
0.000000d00
0.000000d00
0.000000d00
0.000000d00
0.000000d00
0.000000d00
0.000000d00
0.000000d00
0.000000d00
0.000000d00
0.000000d00
0.000000d00
0.000000d00
0.000000d00
0.000000d00
0.000000d00
0.000000d00
0.000000d00
0.000000d00
0.000000d00
0.000000d00
0.000000d00
0.000000d00
0.000000d00
0.000000d00
0.000000d00
0.000000d00
0.000000d00
0.000000d00
0.000000d00
0.000000d00
0.000000d00
0.000000d00
0.000000d00
0.000000d00
0.000000d00
0.000000d00
0.000000d00
0.000000d00
0.000000d00
0.000000d00
0.000000d00
0.000000d00
0.000000d00
0.000000d00
0.000000d00
0.000000d00
0.000000d00
0.000000d00
0.000000d00
0.000000d00
0.000000d00
0.000000d00
0.000000d00
0.000000d00
0.000000d00
0.000000d00
0.000000d00
0.000000d00
0.000000d00
0.000000d00
0.000000d00
0.000000d00
0.000000d00
0.000000d00
0.000000d00
0.000000d00
0.000000d00
0.000000d00
